215
233
245
291
296
313
321
362
374
388
453
481
516
541
587
607
608
628
643
648
668
673
698
711
717
720
729
767
771
773
778
791
826
828
835
841
928
959
991
1019
1023
1030
1034
1045
1047
1049
1053
1056
1059
1065
1067
1068
1069
1075
1078
1092
1094
1097
1105
1110
1114
1120
1124
1126
1128
1132
1134
1135
1143
1153
1159
1162
1176
1178
1179
1181
1182
1184
1188
1195
1202
1205
1206
1208
1213
1216
1217
1221
1224
1225
1226
1229
1231
1232
1233
1237
1241
1242
1244
1251
1252
1258
1261
1262
1266
1270
1271
1272
1273
1275
1276
1277
1279
1282
1284
1287
1289
1292
1293
1294
1301
1305
1308
1310
1311
1313
1317
1320
1325
1328
1329
1333
1334
1335
1343
1344
1348
1353
1356
1357
1363
1370
1372
1384
1385
1399
1401
1423
1432
1433
1436
1453
1474
1482
1500
1513
1532
1537
1935
2000
2020
2021
2028
2031
2033
2038
2041
2044
2046
2047
2054
2057
2063
2079
2091
2092
2094
2096
2097
2102
2107
2110
2116
2117
2129
2131
2133
2134
2142
2143
2146
2147
2159
2348
2426
2468
2498
2521
2560
2686
2713
2800
2836
2919
2988
2996
3120
3122
3124
3125
3127
3128
3129
3130
3135
3139
3140
3144
3145
3147
3150
3151
3155
3163
3165
3169
3170
3171
3174
3179
3180
3184
3188
3195
3197
3199
3202
3205
3209
3213
3216
3219
3220
3221
3222
3225
3227
3231
3232
3233
3235
3238
3239
3240
3244
3245
3246
3251
3252
3253
3257
3263
3264
3265
3268
3272
3273
3274
3278
3282
3288
3289
3291
3293
3295
3296
3299
3300
3303
3309
3311
3315
3316
3321
3331
3368
3375
3447
3465
3546
3838
3840
3843
3854
3865
3894
3898
3941
3956
3957
3981
3983
4002
4047
4089
4411
4439
4476
4492
4520
4523
4524
4557
4672
4690